25
concrete_floor 0 0 0 1 1 0 0.7 0.7 0.7 0.85 0.85 0.85
course_border 0 0 0 1 1 0 0.28 0.17 0.09 0.64 0.585 0.545
grass_patch 0 0 0 1 1 0 0.2 0.62 0.26 0.6 0.81 0.63
start_area 0 0 0 1 1 0 0.5 0.12 0.18 0.75 0.56 0.59
river 0 0 0 1 1 0 0.15 0.42 0.86 0.575 0.71 0.93
wall_left 0 0 0 1 1 0 0.28 0.17 0.09 0.64 0.585 0.545
wall_right 0 0 0 1 1 0 0.28 0.17 0.09 0.64 0.585 0.545
bridge_1 0 0 0 1 1 0 0.72 0.52 0.3 0.86 0.76 0.65
bridge_2 0 0 0 1 1 0 0.72 0.52 0.3 0.86 0.76 0.65
bridge_skew 0 0 0 1 1 0 0.7 0.5 0.28 0.85 0.75 0.64
ball 1 -0.00999998 0.01 1 1 -22 1 1 1 1 1 1
hole 4 0 0 1 1 0 0.1 0.1 0.1 0.55 0.55 0.55
obstacle_a_1 2 -0.03 -0.02 1 1 -962 0.62 0.4 0.22 0.81 0.7 0.61
obstacle_a_3 2 -0.03 -0.02 1 1 -962 0.62 0.4 0.22 0.81 0.7 0.61
obstacle_a_2 2 0 0 1 1 -962 0.62 0.4 0.22 0.81 0.7 0.61
obstacle_b_1 3 -0.03 -0.02 1 1 -962 0.92 0.46 0.14 0.96 0.73 0.57
obstacle_b_2 3 -0.03 -0.02 1 1 -962 0.92 0.46 0.14 0.96 0.73 0.57
obstacle_b_3 3 -0.03 -0.02 1 1 -962 0.92 0.46 0.14 0.96 0.73 0.57
obstacle_b_4 3 -0.03 -0.02 1 1 -962 0.92 0.46 0.14 0.96 0.73 0.57
obstacle_b_5 3 -0.03 -0.02 1 1 -962 0.92 0.46 0.14 0.96 0.73 0.57
obstacle_b_6 3 -0.03 -0.02 1 1 -962 0.92 0.46 0.14 0.96 0.73 0.57
obstacle_b_7 3 -0.03 -0.02 1 1 -962 0.92 0.46 0.14 0.96 0.73 0.57
obstacle_b_8 3 -0.03 -0.02 1 1 -962 0.92 0.46 0.14 0.96 0.73 0.57
obstacle_b_9 3 -0.03 -0.02 1 1 -962 0.92 0.46 0.14 0.96 0.73 0.57
obstacle_c_1 5 0 0 1 1 0 0.56 0.24 0.48 0.78 0.62 0.74
